117.12304415869231 2e-05 357.6433393783373 459683978245.602 237.23980528250212 31392500000.0 111120.62198540205 18733009.20343448 75.67756148301697
112.24291731874679 4e-05 298.16160503962436 864732824911.5823 4462.628669805958 76563010000.0 250829.78274487748 40271952.48089049 146.12518457897596
107.36279047880129 6e-05 246.96213750756763 1791820379850.681 92485.18216277706 202560000000.0 606467.0990205591 125191631.28497817 310.65035378538596
102.48266363885577 0.00012 209.12723686806984 4051901514724.8325 836311.4059658458 534240000000.0 1664807.6188076215 518862945.7758929 724.3600666464924
97.60253679891025 0.00026 179.29225303045592 10421778762188.18 4302532.893585295 1570560000000.0 5038152.542303494 2366032832.496074 1931.4601715727345
92.72240995896475 0.00062 167.81001950304616 26974025119263.96 19490921.092655268 4573800000000.0 17606587.7888048 8480472203.365419 5176.302148293734
87.84228311901923 0.00164 155.29250262480434 76485136306863.06 59205850.71322674 13687600000000.0 78572288.29854628 27604952473.4266 15259.035373878338
82.96215627907371 0.00448 155.3866192930618 208808449942186.78 122859536.85205014 39340000000000.0 335685647.0926445 77804719980.26921 43712.72437777729
78.0820294391282 0.012 163.85711943623295 530395240792430.3 109491923.06617835 104416400000000.0 1346227618.5012057 202557290567.84982 116808.94059337881
73.20190259918269 0.03 184.56278645287352 1177228404492913.8 230895147.21051282 231781000000000.0 4197883035.292633 452373433070.3343 275976.620409023
68.32177575923718 0.067 205.2684534695141 2363939105211685.0 976135068.2200158 465443000000000.0 10573011698.585615 908418066228.7056 595435.1696410199
63.441648919291666 0.139 225.97412048615467 4454918759503632.5 3678367567.5395064 876964000000000.0 23689992740.684605 1711595063267.0178 1228735.162651347
58.561522079346155 0.272 241.97395408992244 8141115997903684.0 10923331524.148241 1602612000000000.0 49195896615.708015 3127862475007.5054 2529468.352840274
53.68139523940064 0.515 253.4561876173322 1.4715939399346208e+16 27337915298.789207 2896740000000000.0 95146698956.50493 5653648135576.946 5438325.70745323
48.801268399455125 0.951 259.47965438580945 2.6543661675879296e+16 76705710714.89676 5225000000000000.0 176432858233.17297 10197778022324.94 12818760.127623588
48.4485748667747 1 259.41163496479743 2.792077189854347e+16 84455702743.49832 5496280766961652.0 185593210596.56662 10727244250688.766 14752037.53003469
43.03119182033056 2 258.5042136028324 5.603756307669695e+16 258512874655.38083 1.1342011369230768e+16 349644127530.76074 22136520708621.19 77291850.9531118
39.91359968472794 3 253.16283253566476 8.582981571743909e+16 511630702442.628 1.7528716413043478e+16 525879032249.03406 34211284018469.133 181694201.07965595
36.11091668999953 5 243.40869125457266 1.4878213777718317e+17 1106258602753.346 3.0321453191489364e+16 867665033061.4059 59179224681554.945 439095341.9252845
33.69377843672836 7 237.3606604781332 2.1360242051750243e+17 1688146064487.2373 4.349680935251798e+16 1242680018008.136 84893934250022.16 752751938.8774356
31.193560979810524 10 231.83365025204253 3.124211295386149e+17 2444957855852.8022 6.371713333333333e+16 1795620188956.9822 124358503722911.86 1268261519.7625241
26.50597553487379 20 222.82160993034287 6.501140611940276e+17 3796969508393.5444 1.3290673267670915e+17 3480590669624.5503 259397771772164.7 1355001434.0504248
23.84979148063151 30 217.44145220265813 9.992997674973848e+17 4354306050217.4014 2.0244111555555555e+17 4900530305041.358 395109963450217.75 652759889.6993252
20.623164461295094 50 208.6006111340535 1.7360862579222656e+18 3599975472112.0054 3.4339272602739725e+17 7805941365065.137 670209147274342.8 158775219.30398563
18.567951181786913 70 204.06890811612294 2.484494677891433e+18 2385175129564.351 4.868074444444444e+17 10751880290491.068 950115647475545.4 85529948.52519919
16.41284350332039 100 205.4138584745514 3.526039158929319e+18 1201730434147.9675 7.02266125e+17 15358397326556.803 1370632355090583.5 76206541.7091621
13.909371018995639 150 213.7389640200446 5.083050571210601e+18 690465282154.4634 1.0533963478260869e+18 36646006532057.66 2055942990365211.0 113688580.47742626
12.057093176566683 200 222.74102811055454 6.503492552872101e+18 748805532346.9855 1.3738406e+18 142334437039730.2 2681362962078030.5 160163629.75374812
10.574984006184119 250 227.16453652593935 7.97106493650834e+18 904689736213.3076 1.645765e+18 488210381716508.8 3212085386968728.0 196306012.93916813
9.34413402014285 300 231.81245076076442 9.3734910233384e+18 949253452071.8219 1.9069937674418604e+18 1436679702448022.5 3721932847909902.5 216714322.99391988
7.326383215382917 400 245.53149073415676 1.179966458236917e+19 922566797245.5702 2.4062866666666665e+18 7044974274014497.0 4696416705214712.0 269842762.61708057
5.67741528209429 500 256.85326610559076 1.4099437389873002e+19 971144157033.9685 2.8852294029850747e+18 2.330345376751135e+16 5631182582799406.0 410992336.3342411
4.279078665318963 600 264.98900140546476 1.6399865011599604e+19 1047783920037.658 3.353037837837838e+18 5.259806996584703e+16 6544217334110360.0 737622644.1240189
3.0643703325793563 700 271.14231705035286 1.8698966714349814e+19 1155649201349.5034 3.8067565853658537e+18 7.180714351265957e+16 7429752850255432.0 1282626650.067192
1.9920186715927573 800 275.8763950438463 2.1003531198177866e+19 1290864741596.4954 4.250560217391304e+18 8.866639873227587e+16 8295936759326652.0 3604201758.836447
1.498925505799052 850 278.1869614461797 2.213089748176201e+19 1363367503037.3025 4.4791208e+18 1.0684822656613523e+17 8742024814082010.0 11281492977.842266
1.030188953897484 900 280.5092261672297 2.323872147800976e+19 1467118555152.4333 4.7079758e+18 1.520829413688081e+17 9188687491459842.0 59189644482.16191
0.8036992592028621 925 282.1314326174724 2.374691130281877e+19 1468567487679.329 4.820632072072072e+18 1.7533540318470493e+17 9408561875271064.0 106100475918.48245
0.5819159903299959 950 284.0123678730343 2.422719998015136e+19 1437681859520.3733 4.933134324324324e+18 1.9247936563086144e+17 9628135654310314.0 163209477807.87546
0.1507380685054304 1000 288.1691902510797 2.5134446473509482e+19 1399779527372.0896 5.158138828828829e+18 2.0631015897686515e+17 1.006728321238881e+16 219971082913.83588
