3.381530352157294250e-01 3.210625425786920450e-01 3.029013260391379969e-01 3.146379302380644116e-01 3.131144144082644298e-01 3.128697811030887177e-01 3.004931438117824372e-01 3.003512348913818797e-01 3.546597195052246243e-01 3.074609507082652904e-01 3.317036898118723154e-01 3.201979197813381584e-01 2.891919025587313952e-01 3.103325583489195405e-01 3.096658550650394637e-01 3.158515549176589277e-01 3.313110019673139450e-01 3.536406937188030786e-01 3.468226951923647494e-01 3.510227235946868918e-01 3.596367437354744956e-01 3.531044815004172888e-01 3.594213958288572930e-01
3.356430639967847296e-01 3.303291254754775474e-01 3.216352994975421598e-01 3.213473216136864541e-01 3.340993634226055442e-01 3.338299535827619069e-01 3.450844128941791267e-01 2.937373853912762511e-01 2.958857422601286480e-01 3.188896727148721189e-01 3.149389746511037647e-01 3.408565384210399118e-01 3.465926026791057990e-01 3.277685169624438566e-01 3.036314342879924966e-01 3.320167816038059327e-01 3.103710956309712055e-01 3.387424319615097157e-01 3.285064497079033807e-01 3.497239993439869021e-01 3.563622786953435373e-01 3.299277101675938129e-01 3.331983373530427173e-01
3.319433088283073041e-01 3.302209223325233145e-01 3.493275379589620977e-01 3.447430817102921652e-01 3.501689936412247239e-01 3.527212165345757211e-01 3.384512402904043538e-01 3.207311206814085214e-01 3.196089061438202594e-01 2.993539962944302135e-01 2.733629738144271459e-01 3.223789931362063821e-01 3.315631775915462987e-01 3.086437190746766368e-01 3.436956737943307472e-01 3.066755000714574408e-01 2.913126476044068380e-01 2.999286736257549268e-01 2.798807506750152219e-01 3.333996670787984229e-01 3.220016777872197200e-01 3.273972629205555429e-01 3.289718854305751505e-01
3.358137636152981886e-01 3.430176520257173789e-01 3.439209274161321162e-01 3.537855351266093740e-01 3.502786746210631019e-01 3.508308222439838198e-01 3.518829433654577787e-01 3.334189916242087937e-01 2.995464951685765098e-01 3.183374537547248306e-01 3.307633404411621791e-01 3.385237825427432901e-01 3.347893536468479203e-01 3.428921451713665136e-01 3.266523505477439415e-01 3.136562640062188767e-01 3.291389642051437692e-01 2.869347525674595389e-01 3.143149677992039814e-01 3.148728236460134888e-01 3.109729767711920112e-01 3.179083643687081739e-01 3.076979883313348818e-01
3.526164623920270413e-01 3.431760224010185212e-01 3.469217127535116352e-01 3.531155919712331004e-01 3.529459610381888157e-01 3.493058165298855156e-01 3.526248888778138468e-01 3.329205493042127206e-01 3.365711018529350396e-01 3.262729458813832251e-01 3.273106190025424911e-01 3.323526425136400508e-01 3.276991811756116979e-01 3.346219798840255333e-01 3.453131266300685787e-01 3.567566273431715951e-01 3.081707434015992786e-01 3.419142950191967345e-01 3.333622800782978790e-01 3.321333571311418376e-01 2.981322189460884897e-01 3.476303953244538891e-01 2.995642176928596800e-01
3.465389385132890410e-01 3.617751924568071153e-01 3.545761777377602342e-01 3.562485066472064199e-01 3.550176500392472345e-01 3.577225535719638083e-01 3.489170899626450884e-01 3.446264276665342297e-01 3.407947081929394995e-01 3.321198417036902439e-01 3.325969611070909715e-01 3.272144147473001752e-01 3.354625795301890423e-01 3.204896855535245836e-01 3.508322786140167238e-01 3.184082537039070737e-01 3.431743149353553846e-01 3.347607052033316766e-01 2.841781268092437029e-01 3.220963193705869143e-01 3.226169644612976728e-01 2.942040049096324994e-01 3.126569278621642023e-01
3.498433536223488072e-01 3.509370990333532392e-01 3.654429137540654016e-01 3.587350449811279596e-01 3.610299936743600058e-01 3.595271231527735756e-01 3.492301660788938444e-01 3.482321048031304933e-01 3.247008842374868309e-01 3.344405913121310525e-01 3.256507123209926857e-01 3.382356765662766773e-01 3.353158473866740819e-01 3.268334377419232495e-01 3.343652527887501225e-01 3.325269017458892806e-01 3.134355408874969773e-01 2.966606034397460401e-01 3.278769938903234316e-01 3.420947347309836739e-01 3.522795279986857264e-01 3.539678130733093786e-01 3.283803962477848115e-01
nan 3.807130379744694815e-01 3.622941202685270312e-01 3.622623905640607878e-01 3.662198553086956077e-01 3.521059988107386740e-01 3.483334921192353106e-01 3.416730312634185251e-01 3.313395027055900943e-01 3.388966043363026981e-01 3.307334122241591401e-01 3.229213330263408510e-01 3.255097458280801215e-01 3.274817283498184795e-01 3.249060049277160966e-01 3.029677068645901250e-01 3.135538524781311120e-01 3.022346053026931934e-01 2.980871995466641833e-01 3.086105958415354400e-01 3.370147686765722628e-01 3.403066391960356540e-01 3.303101746882777245e-01
3.753588312345119138e-01 3.509527868980705234e-01 3.765710539149402236e-01 3.741295652074224098e-01 3.574698295979768514e-01 3.646436406287424936e-01 3.106368046387270598e-01 3.044974572457944118e-01 3.026099884248772964e-01 3.271805644239310085e-01 3.327900156843521806e-01 3.314907499098188048e-01 3.251998128636767738e-01 3.170920213658863229e-01 2.906114206670872280e-01 3.067063735569309224e-01 2.986487523188036119e-01 3.206952612489139542e-01 2.705082453350326488e-01 2.877651628976542475e-01 2.929022896346434868e-01 2.774053154986123038e-01 2.984258251662372241e-01
3.757475505620703760e-01 3.546349043945253854e-01 3.755835616644661035e-01 3.555258623985604327e-01 3.698493971397961988e-01 3.209751736059046068e-01 3.086941045440076414e-01 3.189719859102080890e-01 3.071102626296665083e-01 3.082577027832479888e-01 3.182720590668725036e-01 3.310548007068273013e-01 3.248867462712484167e-01 3.213793048875679403e-01 2.838060690957507348e-01 2.811349017331881139e-01 2.676605023139403960e-01 2.757199697842770969e-01 2.603330818428982174e-01 2.939883265949942426e-01 3.011470860625636292e-01 3.178311051638241236e-01 2.980212417520541890e-01
3.775416578587226790e-01 3.765112580640042617e-01 3.745170376937884127e-01 3.729978269030232996e-01 3.641867415650479334e-01 3.786577308024549615e-01 3.234224367974223302e-01 3.403885383533065134e-01 3.159679220986846282e-01 3.181973819539787862e-01 3.074908395086837221e-01 3.062969305199938486e-01 3.195481808689288883e-01 3.191703876018889829e-01 2.912805211273279959e-01 3.107583691047658414e-01 2.725821347602020994e-01 2.945348762474233051e-01 3.320337667641026780e-01 3.070072734991767249e-01 2.930386647329453198e-01 3.158021695571808785e-01 3.034125070781191758e-01
3.771790256868601254e-01 3.770049581490346746e-01 3.736184963923429025e-01 3.638497800054246722e-01 3.421821392494412417e-01 3.570842847967273248e-01 3.480484482486344011e-01 3.349606609027896420e-01 3.228274067863228236e-01 3.110618826441463036e-01 3.285960327904383083e-01 3.453408916226672898e-01 3.296440086016237947e-01 3.271186092666513168e-01 2.936368707630929720e-01 3.096134819325980780e-01 3.006677813729728976e-01 3.056045463357854874e-01 3.190784450983025211e-01 2.882724324530863136e-01 3.132199310437617235e-01 3.174908317469591901e-01 3.040591635011663518e-01
3.753037976753079707e-01 3.748584195433455890e-01 3.731064719850346600e-01 3.741950644887023225e-01 3.473686190270034446e-01 3.523106910140764159e-01 3.757582186174600047e-01 3.367499144629978458e-01 3.303645265119323216e-01 3.219152129430096765e-01 3.282926526626788744e-01 3.264256271527841702e-01 3.253608061643562532e-01 3.151997798867516853e-01 2.820973469561731117e-01 2.652273511132717254e-01 2.984404339459143518e-01 2.936002168192557993e-01 2.970036783384252810e-01 2.790525051109485899e-01 3.138695427509852198e-01 2.788479217581226188e-01 3.050750298393332116e-01
3.736517186825353276e-01 3.714569381267160963e-01 3.716159207766246975e-01 3.735727323041729275e-01 3.380877675392884862e-01 nan 3.475796850567892116e-01 3.315826686789451472e-01 3.344740557965614758e-01 3.298854892132113137e-01 3.252527756125702108e-01 3.111148435371193233e-01 3.280320364675179956e-01 3.157545232894063414e-01 3.050095131368700252e-01 2.811045551196328374e-01 2.728797343835151490e-01 2.821277544863126097e-01 2.808610731438845876e-01 2.739384017883099154e-01 2.896309889520081171e-01 2.931066532643355482e-01 2.893758097841090948e-01
3.724225397308926766e-01 nan 3.274576613113400758e-01 nan 3.372274977858229494e-01 3.446101531668860907e-01 3.227059577155923509e-01 3.093973758036089872e-01 3.045936657099806988e-01 2.881309543487254876e-01 2.985943350162232335e-01 2.891457112414542174e-01 2.681671802643781910e-01 2.730064701771786617e-01 2.803081577033815219e-01 2.262018324919624901e-01 2.351710987750484372e-01 2.757429663665205144e-01 2.581924025095044817e-01 2.522012747427968549e-01 2.673782861673159039e-01 2.609831589845300059e-01 3.055435275434950082e-01
3.467272458240970856e-01 nan 3.375577467622219441e-01 3.172009178443215283e-01 3.339054829824689152e-01 2.990198172904007246e-01 3.113938710563395329e-01 2.971083109402487543e-01 3.061208021546645841e-01 2.964687695792618261e-01 3.036380990375177058e-01 3.082078564315520741e-01 3.060673056959047900e-01 2.963862306292721627e-01 2.862877811390694416e-01 2.791218999047958560e-01 2.397557696285954887e-01 2.308493101971647588e-01 2.637270901241592913e-01 2.439674944158491121e-01 2.766429580500613938e-01 2.736937577977224811e-01 2.698864734113031738e-01
3.501586532935410112e-01 nan nan 3.432488514920281064e-01 nan 3.357065049082543218e-01 3.152295208059714970e-01 3.134981548688270392e-01 3.210638863577052193e-01 3.178952264377624126e-01 3.138576074957738493e-01 3.096013832556466783e-01 2.955426881351302382e-01 3.161806250165028476e-01 3.091730801569709253e-01 2.952629456088039506e-01 2.614969817191172274e-01 2.397650131116389471e-01 2.593143838569968995e-01 2.632475907843073726e-01 2.702165468946980398e-01 2.729501138886255007e-01 2.973108665917927884e-01
3.566278889270270702e-01 3.562022172390693076e-01 3.504626279980039838e-01 nan 3.325440039233627521e-01 3.267500576347602270e-01 3.193780438151229140e-01 3.159899806464377958e-01 3.188493889768848066e-01 3.247184013949435122e-01 3.226311454138074408e-01 3.300619548634210476e-01 3.083376595874280368e-01 3.097964612288487962e-01 3.155600206602913183e-01 3.178847894970496246e-01 2.616673223743716248e-01 2.441802409782573569e-01 2.456937234944696902e-01 2.584129260878328949e-01 3.406603844504729195e-01 3.259793993987428196e-01 3.082269651332839033e-01
3.474658894238120133e-01 3.548984095301769837e-01 3.282664800155228324e-01 3.372648822816621261e-01 3.239852404025673205e-01 3.225653753871092766e-01 3.230080330671310507e-01 3.126727312568555739e-01 3.236759676337190306e-01 3.176687743468714631e-01 3.262953929587902313e-01 3.151321776323583457e-01 3.190139515823794958e-01 3.132583953085633643e-01 3.238716040343828095e-01 3.074829462270123881e-01 2.939510155124961943e-01 2.664464373037607192e-01 2.742204596402816885e-01 2.680127349599539244e-01 2.975055817487828325e-01 3.116964019810958275e-01 3.142705658221732756e-01
3.251884745176029101e-01 3.251693463676582074e-01 3.272656315060738508e-01 3.293036570689737985e-01 3.334595848224519710e-01 3.317251470165079597e-01 3.295289977428780825e-01 3.302067558465340835e-01 3.193458333329574628e-01 3.176014414862883273e-01 3.089383190639459209e-01 3.111339798628893760e-01 3.155956153462423086e-01 3.198157348287116730e-01 3.153180163825544113e-01 3.231349304939495903e-01 3.279831553646361808e-01 3.121595693016347983e-01 3.100900617670040993e-01 2.808713543103322219e-01 2.889103869709759853e-01 2.951760303593026769e-01 3.061893911137756885e-01
3.267373474070206507e-01 3.285019608796266866e-01 3.250693847933356917e-01 3.261342790867944319e-01 3.341979815624752104e-01 3.338559245860460156e-01 3.281561384050146191e-01 3.305064080961335748e-01 3.257893527432089154e-01 3.296226558706090159e-01 3.363943444772105607e-01 3.296696815446671924e-01 3.240292394861649106e-01 3.272376324078511423e-01 3.283843288537797167e-01 3.260364511995209047e-01 3.267861678908788314e-01 3.228776047570890984e-01 3.217233339632948330e-01 3.135923261881268242e-01 3.046977434978213051e-01 3.115886305174465076e-01 3.092412721706270795e-01
3.210629967761431391e-01 3.266130926999338824e-01 3.282116678363161122e-01 3.255413325584409212e-01 3.329415915493459388e-01 3.304617747579545739e-01 3.318882508264381914e-01 3.342097069956405098e-01 3.345639940408812740e-01 3.317835510383618236e-01 3.319101233732626999e-01 3.346540524803344741e-01 3.352684678210874902e-01 3.390651490125739520e-01 3.388184044924336114e-01 3.273431397467800874e-01 3.335999857037211247e-01 3.295063596457554755e-01 3.364231749540441130e-01 3.198956610222534191e-01 3.069876104388068461e-01 3.136523680155096083e-01 3.187383280414792242e-01
3.310386315043785666e-01 3.294819590465041248e-01 3.356756822299181708e-01 3.347520144950510979e-01 3.386284078362596928e-01 3.336049716867688919e-01 3.394781750365482575e-01 3.367960995366189869e-01 3.353691760536210431e-01 3.348668154629267368e-01 3.363131871120829119e-01 3.363563256851031524e-01 3.345360212647789933e-01 3.371644571790410883e-01 3.280179724022680987e-01 3.266203314847532235e-01 3.233548866279248313e-01 3.255057878132784910e-01 3.357831059917580907e-01 3.422190707386500441e-01 3.168808562109701743e-01 3.149320956435328056e-01 3.127215735718836820e-01
