2.500741723363948695e+05 1.515453938697867561e+05 1.387702142630944436e+05 1.415681505218530656e+05 1.232426678879824467e+05 1.152257271448883548e+05 1.486207425971240154e+05 1.457937824848358578e+05 1.621739571986202791e+05 2.407176849750489055e+05 1.339014703034501872e+05 nan 2.537904260909453151e+05 2.222186066692385648e+05 2.286707298559040646e+05 2.479218626409235876e+05 2.753017482290848275e+05 2.264047858207600075e+05 2.516594812328721164e+05 2.504211219386490993e+05 3.017450441329086316e+05 3.186572623615785851e+05 2.816047147794839693e+05
2.339605090140853426e+05 1.954159063572327432e+05 2.069713140675382747e+05 1.726452258168550034e+05 1.332335605672201200e+05 1.197265775453853857e+05 9.862485714823847229e+04 1.266557116185619525e+05 2.352097749774451950e+05 1.967754760854966298e+05 1.467763338934996573e+05 nan 1.858930157393773552e+05 2.095024297353783913e+05 2.307464520720170985e+05 2.088947405537853192e+05 2.524445498301721527e+05 2.415268817102957109e+05 2.337570178963803046e+05 2.832470666767488001e+05 2.608394029039345332e+05 2.358427771005048708e+05 2.451656905621819897e+05
2.342453152397548838e+05 2.118054037612820684e+05 2.975257644885327318e+05 2.259017501821208862e+05 1.982483828646660841e+05 2.705924702318238560e+05 2.204360983188312384e+05 1.759709248241010646e+05 2.792714399178733001e+05 nan 1.020837594307761901e+05 1.164945786359966150e+05 1.463376261846747948e+05 1.857660654520278913e+05 2.525160947598679049e+05 2.363639985103125509e+05 2.645653492971495143e+05 2.373471786707705469e+05 2.639175628021588782e+05 2.325974551198537229e+05 2.606522975050092209e+05 2.544097113615657145e+05 2.258750035935112974e+05
2.475927762176976248e+05 2.678939641500319703e+05 2.981065135368533665e+05 2.635746814472685219e+05 2.502664663294467609e+05 2.205038359231394134e+05 2.214513864471313718e+05 1.954076619182115537e+05 1.688834739167766820e+05 nan 1.787616250351211056e+05 1.675833580474872724e+05 nan 1.768032806310384767e+05 1.408030954084153345e+05 1.794762950439067499e+05 2.152775281288792612e+05 2.310642395766451082e+05 2.364553697956032120e+05 2.164943072789063735e+05 2.761443303957143216e+05 2.678929927392528625e+05 2.617694642835292907e+05
3.050727315919011016e+05 2.726816207670902368e+05 2.876069159138209070e+05 2.916605878510644543e+05 2.820629092173735844e+05 2.779168506695948308e+05 2.568229056925676996e+05 1.948611688657217892e+05 1.743698453454999253e+05 1.589090800326728786e+05 nan nan 2.663731453626794391e+05 1.857268841016902297e+05 nan 1.827330738890142529e+05 2.148588948569528002e+05 2.501046445596913691e+05 2.492992980916041415e+05 2.554193159277574741e+05 2.523661953110920440e+05 2.583336509062982514e+05 2.241489901370479201e+05
2.692079213875040878e+05 3.226663892637910321e+05 3.174687111065926147e+05 3.291265723308792803e+05 3.147751072250010329e+05 3.115173314485851442e+05 2.762457711853219662e+05 2.250429546996489807e+05 2.137120442873903376e+05 7.317441278078260075e+04 1.550840494667494204e+05 1.571353642337151687e+05 nan 2.472137058593441034e+05 2.368386287529153051e+05 1.271749576698381279e+05 2.212149249858749099e+05 1.937892768354326545e+05 2.544066094299537945e+05 2.609138466760555457e+05 2.713726705185774481e+05 2.481093770107049495e+05 2.095188390335313743e+05
2.876507293218869600e+05 nan 3.377545818544211215e+05 3.414528894821979920e+05 3.292167123905542539e+05 2.897774796002981602e+05 2.741126800517801312e+05 1.958494409098265751e+05 1.830715269152217952e+05 2.349044512518605916e+05 nan 1.690628212737183494e+05 2.034309598950251820e+05 2.075102811181935831e+05 2.097633250041372958e+05 2.040659531725834240e+05 2.042213837260706641e+05 1.550495814034473151e+05 2.526147312462964328e+05 2.498458508053338737e+05 2.629382984284787672e+05 2.964759810315850191e+05 2.260239948667305580e+05
nan 3.883265930969193578e+05 3.183440420106714009e+05 3.491321740573819261e+05 3.367296311558142188e+05 2.718883984625345911e+05 2.422627511087500025e+05 2.060564056018002739e+05 1.374978506499822543e+05 nan nan 1.633419728724832821e+05 1.875218800937221095e+05 1.805589250371972739e+05 2.195716644176719419e+05 2.084796824578075320e+05 2.341379293375555135e+05 1.961873633826528385e+05 1.778678232283636462e+05 2.143114514219896228e+05 3.161970628583905636e+05 3.045672066584790009e+05 2.604181967250036250e+05
3.521119479809092009e+05 2.848177360317801358e+05 3.855737227955196868e+05 3.907449315093847108e+05 3.017556671765524079e+05 2.980179501571400906e+05 2.004793761406893027e+05 1.823510289520792139e+05 1.007268124018728267e+05 1.764589372178421181e+05 2.072237756765123922e+05 2.154623341428481508e+05 2.147361171956516919e+05 2.510469133267484431e+05 1.763243348806696886e+05 2.047513863647111284e+05 2.386272073465267895e+05 2.467778129353926925e+05 1.629854124294323556e+05 2.140425425835626666e+05 2.299697753768269613e+05 1.902846194780553633e+05 1.937099334716921730e+05
3.793070437978613190e+05 3.086640350483189104e+05 3.895662741517449031e+05 3.326486833063585800e+05 3.876502231624411652e+05 2.187386591389043024e+05 1.433000153261795640e+05 1.214992241070180462e+05 1.215545662200166989e+05 1.347862522956961766e+05 2.116857689853782940e+05 2.695033569218210177e+05 2.722020449431416346e+05 2.393031232655792846e+05 1.889162145938422764e+05 1.813403553421724646e+05 2.232976252811125014e+05 2.034681540302862995e+05 1.465188770661341259e+05 2.164154429692696140e+05 2.463690776064839156e+05 2.552272776028301159e+05 2.151644901905465231e+05
3.874423095355550176e+05 3.876734622879981762e+05 3.882818333316233475e+05 3.889240570242741960e+05 3.428121690990314819e+05 3.863409950520632556e+05 2.088093392157248163e+05 2.372332492541400134e+05 nan 3.183274605655686464e+05 nan nan nan 2.258605884561710118e+05 2.572737512365412549e+05 2.613548872337875364e+05 2.900238192052519298e+05 2.723797979216134991e+05 2.450314597568339377e+05 nan nan 2.940707824305082322e+05 2.583624224604539922e+05
3.838789032085452927e+05 3.833158021051785909e+05 3.856898538114710245e+05 3.633942146735250717e+05 3.379725104267944698e+05 2.910808335250414675e+05 2.661524778953235946e+05 2.202356871782507515e+05 2.538363420795867860e+05 3.395063104610861046e+05 nan nan 2.378550551000155974e+05 2.931611905853671487e+05 1.615104470707154542e+05 1.723700672332330141e+05 1.445755506099207560e+05 1.024164345192565379e+05 2.548179370718999708e+05 2.975160205596348969e+05 nan 2.831098633981603780e+05 2.166826134844021872e+05
3.862368237119104015e+05 nan 3.879638318816590472e+05 3.868378764041645918e+05 nan 2.751449080441205879e+05 3.850687405720821116e+05 2.831867528890390531e+05 2.710764790461210650e+05 2.323504652308342629e+05 nan 2.831653521242754068e+05 2.286108792251646810e+05 2.286788668316995027e+05 2.029886241595883912e+05 1.889124832232668414e+05 2.418532540612887824e+05 1.979454527027230070e+05 2.569378167463268037e+05 2.127443206564712164e+05 2.524625987492247659e+05 2.088936502397397708e+05 1.510179496402091463e+05
3.861103722018401022e+05 3.869031740129378741e+05 3.875196910946237622e+05 3.869714734448345262e+05 3.445605227987631806e+05 nan 2.952448610979869263e+05 2.545157459782312799e+05 2.790873814237060724e+05 2.709757058944510063e+05 2.625789963888466591e+05 2.354379200401987764e+05 2.483880332659170963e+05 2.191787980076161039e+05 2.662597947170039406e+05 2.251016063740067184e+05 2.455511845602825051e+05 2.014174608118151955e+05 2.150784543046897161e+05 2.765626457166841137e+05 2.281797061300036439e+05 2.209150939466146810e+05 2.261380621915150259e+05
3.859671610475588823e+05 nan 3.038788610645692097e+05 2.909469904045048170e+05 3.251706473918533884e+05 3.127612449064838002e+05 2.448561483411151858e+05 1.820339753719691071e+05 2.515739024449027202e+05 2.356963260586628458e+05 2.226985382294101582e+05 1.971342961035679618e+05 2.204028544956855767e+05 2.236543087380533689e+05 2.323535303128307278e+05 2.307683991594733670e+05 2.252707420904942555e+05 2.260318711513091112e+05 1.679884609641876013e+05 2.094467717607895320e+05 1.968567403035660682e+05 1.132837410676033032e+05 2.634397250958142686e+05
3.566843812098925118e+05 nan 3.270579049989819177e+05 2.916456035415619845e+05 2.831214353971798555e+05 2.824621222308787401e+05 2.136397583131922001e+05 2.557819438181095175e+05 2.567300026794100122e+05 2.180482186155552336e+05 1.995537706872620038e+05 2.234582084375145205e+05 2.460075027010196354e+05 2.415356983908069087e+05 2.801025362650106545e+05 2.753919151831571362e+05 2.730568186518804869e+05 2.139249021909592266e+05 1.943649020641515963e+05 1.506613898620743421e+05 2.729377237002367037e+05 2.370118637005928904e+05 2.043919984909564082e+05
3.209701671445933753e+05 3.569946872423209134e+05 nan 3.184510422784695984e+05 3.424863167232047999e+05 2.995032392491712235e+05 2.655546464566102368e+05 2.723275706168139004e+05 2.553290058415072563e+05 2.530241517382495222e+05 2.476597831715407374e+05 2.318360959344331932e+05 2.586009951861084264e+05 2.695882993192234426e+05 2.529141132944193378e+05 2.777842233584724017e+05 2.462162402966380178e+05 2.670436318180999369e+05 2.327493667865406896e+05 1.834427640423585253e+05 1.621008696932281891e+05 2.332558569122864865e+05 2.595605436896132014e+05
nan 3.899934121140982606e+05 3.363461867953946348e+05 nan 3.145279100041254424e+05 3.155573087525633746e+05 3.098199109070519335e+05 3.076115114836132270e+05 2.609965032632401562e+05 2.784876410505928216e+05 2.663200322021558532e+05 2.698345343673676834e+05 2.792624913812029990e+05 2.979328436822175281e+05 3.076349961297910777e+05 2.828128973420255934e+05 1.993044418364362791e+05 2.836756016897915979e+05 3.081007488100991468e+05 2.732196028034912306e+05 3.349455566498074913e+05 3.244379803754317691e+05 2.532805266855024965e+05
3.577821234053786611e+05 3.882025757003895123e+05 2.806328269636023324e+05 3.080385003090427490e+05 2.939670374746905873e+05 3.127102407885655994e+05 2.820200672864936059e+05 2.867490239039451117e+05 2.957778367810874479e+05 2.842340232498105615e+05 2.748114380544149899e+05 2.804744718913162360e+05 2.824337429024697631e+05 3.138411825419793022e+05 3.202738311576377018e+05 3.049206682021417073e+05 2.866270306465221802e+05 2.343491160923894786e+05 3.077811140619487269e+05 2.633435846715564840e+05 3.218907772560427547e+05 2.669199089553345111e+05 2.890292180185344187e+05
2.701193484608373255e+05 2.859996375257925247e+05 3.007060323866711115e+05 3.108337940339135239e+05 3.156271918004206964e+05 3.299058287866319297e+05 3.154963167868283344e+05 3.332920584482002887e+05 2.797694677834936883e+05 2.964847883737024385e+05 2.894274512997075217e+05 2.790849936080364860e+05 2.848829059023308801e+05 2.819503313009544509e+05 2.831610991149994661e+05 2.745317651680118870e+05 2.976827969645512640e+05 2.608190541731976846e+05 2.752908957620892324e+05 2.137788051406467857e+05 2.772700388703408535e+05 2.969456603046036907e+05 3.112805967583663878e+05
nan nan 3.782044987339815125e+05 3.630291075502468157e+05 3.548876923567500780e+05 3.465242422081853147e+05 3.368396456301413127e+05 3.457065814793396275e+05 nan nan nan nan nan nan nan nan nan 1.421480956748052849e+05 3.290226032812612830e+05 3.012073039195019519e+05 3.515335443742112839e+05 3.439747086199028417e+05 nan
nan nan 3.640596189551867428e+05 3.525466221055210917e+05 3.436355830969896633e+05 3.190072086207537213e+05 3.389691455011217040e+05 3.474396033808960347e+05 3.238616899676977191e+05 3.372329316269148840e+05 nan nan nan nan nan nan nan nan nan nan 2.998183244900543359e+05 3.174299353060993599e+05 2.699410226924665039e+05
nan 2.870715693148680730e+05 3.603098663099964615e+05 3.664048233113875613e+05 3.556452178353988566e+05 3.356513818798524444e+05 3.497000841023362009e+05 3.396187248604111956e+05 3.473158389584259130e+05 3.637659612434892333e+05 3.618979921708898619e+05 3.547769364506004495e+05 nan nan nan nan nan nan nan nan 3.478877689883809071e+05 2.708012047948844847e+05 2.846737001058867318e+05
