2.516017173984258843e+05 2.186864284464381635e+05 1.817110290003670962e+05 2.008417968954878452e+05 1.955837016153809382e+05 1.934512030084090657e+05 1.694496248468588165e+05 1.676973497626953176e+05 2.713872078861055197e+05 1.765238268118259439e+05 2.187559428344404732e+05 1.983215187762260612e+05 1.497066292944575835e+05 1.812546740978232119e+05 1.809541378116765118e+05 1.916089588972323691e+05 2.204092323962831579e+05 2.701356075174337602e+05 2.555872807850126701e+05 2.669972992322280770e+05 2.899009194847592153e+05 2.738909767075512791e+05 2.920059818551245844e+05
2.439395672955394548e+05 2.331121244425031764e+05 2.179192639387739764e+05 2.143652599205674487e+05 2.360743537752211269e+05 2.302357655917696538e+05 2.519676568733148160e+05 1.587814895063283911e+05 1.608194121639072546e+05 1.963245968291254831e+05 1.878068332706276269e+05 2.368317965550762019e+05 2.480983528930328903e+05 2.090107754733442562e+05 1.691496618660734675e+05 2.185094542072935146e+05 1.813267736499712919e+05 2.344139369779528934e+05 2.147055279205628904e+05 2.602835569128909265e+05 2.780721490821944899e+05 2.199102667838912748e+05 2.271753339406515879e+05
2.361066475486796990e+05 2.313542055764573161e+05 2.777431800405638642e+05 2.663052094040887314e+05 2.730924989412846626e+05 2.727339109200417297e+05 2.403974212922630541e+05 2.027980270453100093e+05 2.013204371165139892e+05 1.667361013702895434e+05 1.314442771753380366e+05 2.017626747747868358e+05 2.172260194025739911e+05 1.763643486318090581e+05 2.411619805506709090e+05 1.739712690693201148e+05 1.523380366299274319e+05 1.649812786683376180e+05 1.385051650497050723e+05 2.240215216651563242e+05 2.037868094456004037e+05 2.143219345040671178e+05 2.158305624967944459e+05
2.432459710658406548e+05 2.607946033756039105e+05 2.667093633682515938e+05 2.929803008284604875e+05 2.806397282641374040e+05 2.777707390597048798e+05 2.772217667141639395e+05 2.317192849451350339e+05 1.708020075385267846e+05 2.008904258424880973e+05 2.218747457199171185e+05 2.359544036579305830e+05 2.252441964535567968e+05 2.417428164991663944e+05 2.090343316742442257e+05 1.862332134636390547e+05 2.132097749300653813e+05 1.472005657435895409e+05 1.886259516585680540e+05 1.901857644221537048e+05 1.864147338481270708e+05 1.995453833272562188e+05 1.811505071903398493e+05
2.847409744649550412e+05 2.589453859207293426e+05 2.747186063238701317e+05 2.962893935718830908e+05 2.963629919603930903e+05 2.844886614247757243e+05 2.858310871430832194e+05 2.332952125571369252e+05 2.424154321811189584e+05 2.196769289644705423e+05 2.183232871492396225e+05 2.273483895863993093e+05 2.159068405299713777e+05 2.270068083269062627e+05 2.504346748734213761e+05 2.784729304405138828e+05 1.799900188061263179e+05 2.429127942394141282e+05 2.249305322786712204e+05 2.233244389491484035e+05 1.665524473031938542e+05 2.614613442403137160e+05 1.710004471011422575e+05
2.679848293340370292e+05 3.066290769442051533e+05 2.948402717857810785e+05 3.069168727271492826e+05 3.029522159232037375e+05 3.059686400757629890e+05 2.797591612004386843e+05 2.615993875812476035e+05 2.514865125511548540e+05 2.326080199630444986e+05 2.321411363022318110e+05 2.204653761414611072e+05 2.349697814711504616e+05 2.054113153391137894e+05 2.687231620534235262e+05 2.010672122046934091e+05 2.486405580561030947e+05 2.327923174062062753e+05 1.479608845644723915e+05 2.066220110029887874e+05 2.078264113019512442e+05 1.623321493675196543e+05 1.931507130933144945e+05
2.693316541307851439e+05 2.793018715472958866e+05 3.275244842590714688e+05 3.125150358461221331e+05 3.130247048138817190e+05 3.091939421614620951e+05 2.821982794243980898e+05 2.737468718647653004e+05 2.191939143516823533e+05 2.382421774814576202e+05 2.205082100903214596e+05 2.456300397993703955e+05 2.390312582000222756e+05 2.216422211298660550e+05 2.365480388265306538e+05 2.322776501272290770e+05 1.958678256005319417e+05 1.695495967062720447e+05 2.217688450220023515e+05 2.510709194269862783e+05 2.751469133276885841e+05 2.790655064464610186e+05 2.227178414100880909e+05
nan 3.956659792407822097e+05 3.240802489233157830e+05 3.271534187181076850e+05 3.273656048161877552e+05 2.892871205104436376e+05 2.737058605093269143e+05 2.571666816148319049e+05 2.330032757681588992e+05 2.489315246778413712e+05 2.317329466738275078e+05 2.162112216250090569e+05 2.215174563611295016e+05 2.252693712372955342e+05 2.214448413917615544e+05 1.827606238561747014e+05 1.993326289956784458e+05 1.807277575709513621e+05 1.736976387736301695e+05 1.899728973024475272e+05 2.435187462420761294e+05 2.511415501594666275e+05 2.294599339822848851e+05
3.816375494822628680e+05 2.980002006288919947e+05 3.916029009198346175e+05 3.970203425026289769e+05 3.115892713844589307e+05 3.202064815567167243e+05 1.976241916518318467e+05 1.866416699213062529e+05 1.825042896923238586e+05 2.251679321432194847e+05 2.376735427677280968e+05 2.358944041950533865e+05 2.237249585707426595e+05 2.097976825387673744e+05 1.666372063019828056e+05 1.919381852019306680e+05 1.778361207440289727e+05 2.156943294716049859e+05 1.387173726465149957e+05 1.612989695009989955e+05 1.678477054031947919e+05 1.468876690736800665e+05 1.776565929019074247e+05
3.874636429418678163e+05 3.108658517392461072e+05 3.969602413699972094e+05 3.329259537169765681e+05 3.599801330463592312e+05 2.181993286629661452e+05 1.954057652574644890e+05 2.123595604952080175e+05 1.904125213322107738e+05 1.912786204081255128e+05 2.097049169498206757e+05 2.360113009556962934e+05 2.247585866907530872e+05 2.197397905231160112e+05 1.613141979574118159e+05 1.568336232332339569e+05 1.392297361352834851e+05 1.493137564190218691e+05 1.301570575413869519e+05 1.751189283517441363e+05 1.855297672567724949e+05 2.152539098452351172e+05 1.819753327933950350e+05
3.946547597250206745e+05 3.949080252595906495e+05 3.963038886398285977e+05 3.966413254909960087e+05 3.427843979245163500e+05 3.944622661136128008e+05 2.241156146280185203e+05 2.589243285979235952e+05 2.071095166750908538e+05 2.106463822793179716e+05 1.930088444465752982e+05 1.923147131287553930e+05 2.176470766981092456e+05 2.189388471585309308e+05 1.752093833827438066e+05 2.092281841918335995e+05 1.491812572197924310e+05 1.810987550265027385e+05 2.499498022006009414e+05 2.023506732097087370e+05 1.793472488079571340e+05 2.187337719942482072e+05 1.978255807325115602e+05
3.936540794069191907e+05 3.931452023634053767e+05 3.947718476216307026e+05 3.510612835170207545e+05 2.825498030558208702e+05 3.185466803384438390e+05 2.822648358926818473e+05 2.494378838121951558e+05 2.230510171393903147e+05 2.015083530731047795e+05 2.353848274768236442e+05 2.769481404158701189e+05 2.422408944094117323e+05 2.399461951161096222e+05 1.819940684334633115e+05 2.100716125341152074e+05 1.941256341589324584e+05 2.036443170536623511e+05 2.301819995025699900e+05 1.761391743997842714e+05 2.199169253027773811e+05 2.284948027359498956e+05 2.035711740636260074e+05
3.934782217618242139e+05 3.937847726870743791e+05 3.946268756434028037e+05 3.942155646150407847e+05 3.014248313774080598e+05 3.081356829692778410e+05 3.933780417833394022e+05 2.577434490456967906e+05 2.419251826590410492e+05 2.239231206113448716e+05 2.391701322912309261e+05 2.367745275237523892e+05 2.380514133500712924e+05 2.208735391497468227e+05 1.663589550345537427e+05 1.437535940476419637e+05 1.944609209183401254e+05 1.869638658639364876e+05 1.936526239292660612e+05 1.659733495138549770e+05 2.269177114177554613e+05 1.666031362564792507e+05 2.093658330937423743e+05
3.929165910746801528e+05 3.937025655832632910e+05 3.937266948512771633e+05 3.930573217645596596e+05 2.756173880033402238e+05 nan 2.933280425480249105e+05 2.491908916899974865e+05 2.564459468920123763e+05 2.485302093307792675e+05 2.393750282142566284e+05 2.138912072374264535e+05 2.489294958435248118e+05 2.255127969014077098e+05 2.066236818217868858e+05 1.693519986704915937e+05 1.590632848020554520e+05 1.730867117115056317e+05 1.720270221596424235e+05 1.618672506930097588e+05 1.865699926999041054e+05 1.925517624874926987e+05 1.864733839368592890e+05
3.919320482656313106e+05 nan 2.990270028318214463e+05 nan 3.263873409087704495e+05 3.495343676251348224e+05 2.874701671496132622e+05 2.570095901229414740e+05 2.461241993329335819e+05 2.125583749746930844e+05 2.333898448045458645e+05 2.145123275977699959e+05 1.785180016281795397e+05 1.871149972318392247e+05 2.008039387634933519e+05 1.222292025127710222e+05 1.337034282101311546e+05 1.945244971023698745e+05 1.657811047142986208e+05 1.571584032327279565e+05 1.811189929554640548e+05 1.713404259003818152e+05 2.514555517177414731e+05
3.625436817639396177e+05 nan 3.316993586347853416e+05 2.772466322300264728e+05 3.212576593376987730e+05 2.353922585246693052e+05 2.650118053160210839e+05 2.323917862581444206e+05 2.518475191326109052e+05 2.317808071383097558e+05 2.430782259892963921e+05 2.587542988326599880e+05 2.536231557166574639e+05 2.339675240578594967e+05 2.148811066772196791e+05 2.024766313701705949e+05 1.417701592152913217e+05 1.304592480861288495e+05 1.772483805231261067e+05 1.477794915119902580e+05 1.993281666928696213e+05 1.942849605786712200e+05 1.880442748959457676e+05
3.792121920296747703e+05 nan nan 3.545990690111848526e+05 nan 3.284323138004250359e+05 2.774198411336746649e+05 2.727364555462339777e+05 2.923143327111675171e+05 2.849153021515696892e+05 2.752428938621993875e+05 2.647561342832959490e+05 2.364441891758036218e+05 2.833578584603439085e+05 2.668821536027847906e+05 2.362910559233128151e+05 1.756350407030206698e+05 1.445221895125263545e+05 1.736922354994335037e+05 1.803132806631939311e+05 1.920005659807078482e+05 1.965111992006544897e+05 2.440043806867116073e+05
4.081856519833839848e+05 4.091669213661549729e+05 3.859009737189654843e+05 nan 3.235627583081980702e+05 3.098550602434139582e+05 2.911203394404707942e+05 2.832936219312098692e+05 2.909545914926097612e+05 3.073504829293754883e+05 3.018281925082963426e+05 3.238064782405805890e+05 2.678497143490642193e+05 2.729041491165793850e+05 2.877646182293655002e+05 2.949926757411928847e+05 1.782915676228294033e+05 1.519927340893786459e+05 1.540873553131197987e+05 1.738564570883412380e+05 3.668274401451520389e+05 3.201318527978866477e+05 2.735403664667678531e+05
3.755376942711474840e+05 4.080762992781122448e+05 3.156206465884134523e+05 3.466133488068832085e+05 3.072900303030299838e+05 3.041053699647437315e+05 3.059984377372444724e+05 2.795519025790838059e+05 3.084582655547787435e+05 2.926958766470096889e+05 3.169618292229101644e+05 2.878018274834732874e+05 2.995202005586134619e+05 2.857009727562088519e+05 3.135128013419765630e+05 2.710927507022721111e+05 2.387895401845024899e+05 1.864559422657551186e+05 2.006851818588160968e+05 1.905787808291553811e+05 2.495900631656376936e+05 2.801817453191655804e+05 2.908828958583732601e+05
3.126086996118226671e+05 3.140543939917053212e+05 3.213172332684584544e+05 3.283123661007984192e+05 3.417982408788201283e+05 3.366578418559991405e+05 3.290335280861803330e+05 3.302812989178147400e+05 2.994367426013686927e+05 2.960843602352724411e+05 2.746652216459250194e+05 2.801559131574737839e+05 2.917557540995905874e+05 3.031096945847173920e+05 2.913743005593580892e+05 3.122664961526142433e+05 3.267567048174962401e+05 2.822860346333808848e+05 2.778255665133002331e+05 2.148737437906878476e+05 2.317549884769801283e+05 2.458125036064271990e+05 2.728926970579391927e+05
3.189163617654915433e+05 3.255387966959145851e+05 3.171077386767331045e+05 3.215284950966849574e+05 3.465069714579692227e+05 3.446007772411992191e+05 3.268793239068391267e+05 3.339116381616824074e+05 3.200758986947251251e+05 3.311156005001422018e+05 3.530382553212346975e+05 3.312740083344849991e+05 3.148457596326686908e+05 3.232238437070654472e+05 3.274242603283487842e+05 3.203823902877687942e+05 3.231950036631068215e+05 3.115024004679183709e+05 3.085508460748236976e+05 2.877881557203642442e+05 2.666979368304969394e+05 2.837911933115252177e+05 2.786073866300425143e+05
3.051557830145378248e+05 3.231550278517319239e+05 3.289553235319735832e+05 3.207102765901784878e+05 3.399563289234820986e+05 3.341012936616248335e+05 3.394050890508078737e+05 3.465167159783486859e+05 3.473826094474846614e+05 3.380743418410226004e+05 3.379882130481607164e+05 3.472501045780938002e+05 3.498070085084189777e+05 3.629217039010653389e+05 3.614927389710569405e+05 3.246600025086467504e+05 3.441984744136367226e+05 3.312373111308389925e+05 3.546339529208800523e+05 3.054091116010948317e+05 2.736573821939689224e+05 2.912352031820254051e+05 3.043196619690235821e+05
3.367362697309484356e+05 3.316412849986905348e+05 3.509375206774817198e+05 3.463576587618438643e+05 3.594496326146719512e+05 3.443844436624419759e+05 3.651826873518349021e+05 3.550933768214642769e+05 3.502209196779142367e+05 3.485167934979920392e+05 3.535520903138373978e+05 3.541288663159082644e+05 3.485491997212386341e+05 3.571194433838631376e+05 3.278413692945179064e+05 3.237043872870545019e+05 3.140411229133128654e+05 3.203392068613293231e+05 3.533416566054517170e+05 3.781258220450517838e+05 2.998921144168567844e+05 2.951793030378746917e+05 2.893705416962013114e+05
