3.391672978734731059e-01 2.804265880538683864e-01 2.735767862589504884e-01 2.766924755672608982e-01 2.636057643193240874e-01 2.550852699816530955e-01 2.876236914069671968e-01 2.859509471231146960e-01 2.979461115060879073e-01 3.426309122003406982e-01 2.770863834466105180e-01 nan 3.586639457827642263e-01 3.434326268427023154e-01 3.464482227614044119e-01 3.551558461597913996e-01 3.659756555847852866e-01 3.438502215383131833e-01 3.551652559903288875e-01 3.543912154816282190e-01 3.741962075846569369e-01 3.805226591446517759e-01 3.672658363057935138e-01
3.371516115404462610e-01 3.165950411281171495e-01 3.209401439840984249e-01 3.037864526399455811e-01 2.790723822156901957e-01 2.714331327039003483e-01 2.510540080201049129e-01 2.785801413376586266e-01 3.489456756670143434e-01 3.292032532596040340e-01 2.969385837310031251e-01 nan 3.240636036863599467e-01 3.374566752179675166e-01 3.478580981034765096e-01 3.363900681916351387e-01 3.574463007891213184e-01 3.516282785872162919e-01 3.472792517156223502e-01 3.680674648271061167e-01 3.593378524642003025e-01 3.485165583190769634e-01 3.531620121959773151e-01
3.373248033347400754e-01 3.257753119170693212e-01 3.609390161550378728e-01 3.313021624975378554e-01 3.220394891121415859e-01 3.618848226797011791e-01 3.386214315941744046e-01 3.146520407265712138e-01 3.660335233502974850e-01 nan 2.555834772776897634e-01 2.713648868861265884e-01 2.969779856577935417e-01 3.239122521835120505e-01 3.578952226999829178e-01 3.502243704566482263e-01 3.622208165885765774e-01 3.500203282466685661e-01 3.608536781237510760e-01 3.460477842400967452e-01 3.587030624085729702e-01 3.564260492629808263e-01 3.438295551997888055e-01
3.452918398518596277e-01 3.528755931187793071e-01 3.609454394919373033e-01 3.485976934909026381e-01 3.459374592403284820e-01 3.336547381740457840e-01 3.346753427006041171e-01 3.217555640473082068e-01 3.068822972717361042e-01 nan 3.161514177325396857e-01 3.095183747849879485e-01 nan 3.170754983726956078e-01 2.917793388366493601e-01 3.192384439949730313e-01 3.399362597643064143e-01 3.470399986095899503e-01 3.492866202289445221e-01 3.390480538690294199e-01 3.646430833788049108e-01 3.612544979382266708e-01 3.588452328681807080e-01
3.666046926445125642e-01 3.536045661275920016e-01 3.569025841434129154e-01 3.570635043255699914e-01 3.545091693692818957e-01 3.564084240350193222e-01 3.495586254645037250e-01 3.193645043547641560e-01 3.083568245340205238e-01 2.996814564154964833e-01 nan nan 3.610772034743731096e-01 3.211809145162208834e-01 nan 3.197437236237963276e-01 3.385597292500418520e-01 3.550711352931100184e-01 3.547351863218684009e-01 3.574022415836248245e-01 3.553138173977375969e-01 3.571405520459260963e-01 3.408111983378859233e-01
3.534819463056800837e-01 3.722825147324001493e-01 3.674840601658940775e-01 3.686632923800762796e-01 3.641997838133577137e-01 3.680105682549297264e-01 3.549484215190016889e-01 3.350646677154162090e-01 3.307520194415388137e-01 2.156878765463703940e-01 2.971346165408660367e-01 2.990327742518403831e-01 nan 3.501971954103922924e-01 3.463068810031312283e-01 2.765471280942926047e-01 3.403613190708695835e-01 3.251109390449901659e-01 3.561814791807132452e-01 3.592298641228804379e-01 3.630420153372619918e-01 3.526557572154010445e-01 3.326091383292652526e-01
3.638295414194013255e-01 nan 3.743687537687474531e-01 3.737391949969833260e-01 3.708290334246135966e-01 3.577570119660349879e-01 3.531079601091178799e-01 3.185999409569634233e-01 3.120728156012700372e-01 3.415700601937736169e-01 nan 3.055494568374150788e-01 3.266946615686764366e-01 3.285132049060822124e-01 3.307805564916093122e-01 3.283733224883004231e-01 3.289904059141360304e-01 2.982950090531287790e-01 3.540540802660692155e-01 3.528547188459604245e-01 3.584347257500464790e-01 3.710051716663900212e-01 3.405651291301424743e-01
nan 3.862027412733878284e-01 3.678807035333565567e-01 3.763983285841184245e-01 3.757401220635597228e-01 3.538519944943903095e-01 3.431124631756320986e-01 3.258369458188907219e-01 2.806753633657594893e-01 nan nan 3.003938122079731210e-01 3.158774740841920337e-01 3.118103706392773566e-01 3.343283617418755793e-01 3.287533909133234511e-01 3.424272352768785166e-01 3.227559934349938930e-01 3.121867035638513088e-01 3.340258127467884419e-01 3.764527467705429120e-01 3.722097346064208168e-01 3.545522681981844171e-01
3.748950329483500821e-01 3.538148506787151537e-01 3.821538435212624152e-01 3.795064451462996091e-01 3.618112201941914852e-01 3.652467447594192063e-01 3.210217686356686140e-01 3.109101553850839861e-01 2.464964037451904399e-01 3.089884125780693602e-01 3.271215610110717598e-01 3.309918415489108146e-01 3.304298572460600547e-01 3.474748879913904798e-01 3.076220600581953679e-01 3.248669487921532761e-01 3.425763625690362857e-01 3.463069184809002277e-01 2.994806089529279403e-01 3.310598645012968189e-01 3.393513520206679068e-01 3.175699560315152770e-01 3.188886573616199205e-01
3.804107556730543793e-01 3.615953332404701071e-01 3.809076289111936742e-01 3.629883795784065170e-01 3.848459697085498954e-01 3.303769962903064794e-01 2.819589852128870922e-01 2.641566470757363838e-01 2.663839976176028967e-01 2.783114452646980319e-01 3.293618834283624230e-01 3.551158635297693156e-01 3.554264605765575791e-01 3.410161691412922358e-01 3.131830241456988739e-01 3.091413113914462385e-01 3.327042240996844202e-01 3.221789364710119785e-01 2.852680951954220112e-01 3.298998807736118755e-01 3.445564021476305583e-01 3.482271425673610366e-01 3.283286475900927259e-01
3.832515934765905463e-01 3.828979614211063254e-01 3.818643693826305197e-01 3.805208422254882095e-01 3.719584260376985752e-01 3.854671190219920995e-01 3.232364586060805234e-01 3.378575602319692783e-01 nan 3.726101868812519147e-01 nan nan nan 3.326654335596276879e-01 3.463619326311900282e-01 3.483849580197306284e-01 3.596972594034692494e-01 3.530665720707998334e-01 3.409043187718452383e-01 nan nan 3.608690517680288035e-01 3.454848249236908142e-01
3.830836916179511942e-01 3.822800951922032953e-01 3.784328246559873210e-01 3.760752927303246396e-01 3.686990326690962050e-01 3.551390816685977003e-01 3.522919567249271355e-01 3.285001354436162813e-01 3.450028287102308022e-01 3.773093878236564169e-01 nan nan 3.368515627829362646e-01 3.594099204508153789e-01 2.919322461299256877e-01 2.990356904663177273e-01 2.794412005844931213e-01 2.413485755671772037e-01 3.421629862853444726e-01 3.592354775956613788e-01 nan 3.534102657242580436e-01 3.222452837708116857e-01
3.808471832046866901e-01 nan 3.777100177318862273e-01 3.806871866673212090e-01 nan 3.457872536323192136e-01 3.840169850641008131e-01 3.548503634974569110e-01 3.507394049375588962e-01 3.339072846543693074e-01 nan 3.548372936482284135e-01 3.299265549042455503e-01 3.293066663520990422e-01 3.149818107662368249e-01 3.065745469725818517e-01 3.343909549793826486e-01 3.113767088662164895e-01 3.404596069280685922e-01 3.190908482343171038e-01 3.383390414748568276e-01 3.161504562426443177e-01 2.789486584771235789e-01
3.785018896112609110e-01 3.756497405042711901e-01 3.748533891029062759e-01 3.769452959313554508e-01 3.670311338265769829e-01 nan 3.565755534531644955e-01 3.411598884616077187e-01 3.522187818002854853e-01 3.475581682133084271e-01 3.441508238563332212e-01 3.312023486045909126e-01 3.373855994762133825e-01 3.223918054769810970e-01 3.439057728864666208e-01 3.235895824857136782e-01 3.329121489851514792e-01 3.104959038969691831e-01 3.180271053368475820e-01 3.462857688294873060e-01 3.245407607868736055e-01 3.202980404841320738e-01 3.223065948640289058e-01
3.740152385817764880e-01 nan 3.518256340716311992e-01 3.450246139122141731e-01 3.584261707690105658e-01 3.571097920777204227e-01 3.333267527402569153e-01 2.996889136799352760e-01 3.371323739488081839e-01 3.282766706052934191e-01 3.212433033780670577e-01 3.067204193984017224e-01 3.217606406547916520e-01 3.229837797507543740e-01 3.253321257522631127e-01 3.239303862688405755e-01 3.208299116818297270e-01 3.210954312366112173e-01 2.877126440312249844e-01 3.127166058493375256e-01 3.057052998397206123e-01 2.441383928252862101e-01 3.368230688959836239e-01
3.664218660256364224e-01 nan 3.569770209270792805e-01 3.445333453370013621e-01 3.438018893333018577e-01 3.464944223807415735e-01 3.134466982755002018e-01 3.350793839624797155e-01 3.367523262783791438e-01 3.163068748716931777e-01 3.050664753492404735e-01 3.189132184222068234e-01 3.289830058663160139e-01 3.270444512755256161e-01 3.430254930533178648e-01 3.404859097702456761e-01 3.405982616628208115e-01 3.130645883982666744e-01 3.019978775745100763e-01 2.734319486966554913e-01 3.398778926815775869e-01 3.237953282982788950e-01 3.070161227131288917e-01
3.528717889473581004e-01 3.641717932489145215e-01 nan 3.535974960960947544e-01 3.624131879191644923e-01 3.493608620285426070e-01 3.356846063599684959e-01 3.384488393262520822e-01 3.311375898349674385e-01 3.298271506954756904e-01 3.279218644434588326e-01 3.207641836042609551e-01 3.330042796034118902e-01 3.376618300951637064e-01 3.289083598001916187e-01 3.397049558927494051e-01 3.274671845546170967e-01 3.365578426312328952e-01 3.210657278384948521e-01 2.937481132126388839e-01 2.789402346715745273e-01 3.201768547524507791e-01 3.245975412281337236e-01
nan 3.689343755648781253e-01 3.529220227062385140e-01 nan 3.468588149305629198e-01 3.461202752122545245e-01 3.455705917748184142e-01 3.435691102044127754e-01 3.263806870774795810e-01 3.339494164434965162e-01 3.289489521848998899e-01 3.301147551796883017e-01 3.336772636520741186e-01 3.410185602517939452e-01 3.447123275360715056e-01 3.352047333694980757e-01 2.958969358430455499e-01 3.346415570435587461e-01 3.437714887699929722e-01 3.300849938467492195e-01 3.518379648425054573e-01 3.479144579614715238e-01 3.459252696015275297e-01
3.585801275629510454e-01 3.682458314287257450e-01 3.333591419271849099e-01 3.421522606789076382e-01 3.384057340128375779e-01 3.443144921311230289e-01 3.327765566150177046e-01 3.365476237612897159e-01 3.387847883199279209e-01 3.343107885705363103e-01 3.308814545696197595e-01 3.331303767064813792e-01 3.337998083856626996e-01 3.455775931227908493e-01 3.480778317623154927e-01 3.425235467957867264e-01 3.371896144710756493e-01 3.137264258937124128e-01 3.431171071985112953e-01 3.251155409189136480e-01 3.467377982903648848e-01 3.485026784292212798e-01 3.524143126963377171e-01
3.278322254917674927e-01 3.331457821679379427e-01 3.385097652790144962e-01 3.417284671846663735e-01 3.444773464026594789e-01 3.487425774723598160e-01 3.443674256910342901e-01 3.508723907312556456e-01 3.324414823975700983e-01 3.370938258323081249e-01 3.346572002171496196e-01 3.320148467606174325e-01 3.345800566247564278e-01 3.337207797072767046e-01 3.340088808297254630e-01 3.303808678709363456e-01 3.395126183307592971e-01 3.249909168628241640e-01 3.307153367934060895e-01 3.011788590839772350e-01 3.301810951266769267e-01 3.382416714303042027e-01 3.443397325811580756e-01
nan nan 3.627445555798847199e-01 3.581616294536504874e-01 3.563233402407844364e-01 3.538284703795129271e-01 3.507032547402778588e-01 3.536841485380701755e-01 nan nan nan nan nan nan nan nan nan 2.554624069141995246e-01 3.494401142755151901e-01 3.393147126362678900e-01 3.560088808502058777e-01 3.537399978092924946e-01 nan
nan nan 3.589665508118824455e-01 3.553174247514809259e-01 3.596380160706879048e-01 3.437719413382246403e-01 3.502489188837373257e-01 3.522656930859113245e-01 3.445380821886273037e-01 3.490755480094320795e-01 nan nan nan nan nan nan nan nan nan nan 3.378607614008675153e-01 3.437365699227172833e-01 3.256477136616771073e-01
nan 3.335959621445561685e-01 3.576820989162994291e-01 3.586622620028924180e-01 3.550924209206707260e-01 3.482306339639377746e-01 3.519572558960264441e-01 3.487632920279862270e-01 3.509935924710056998e-01 3.565853211446526894e-01 3.563336043889042126e-01 3.542637616324549876e-01 nan nan nan nan nan nan nan nan 3.538850460046555346e-01 3.253941478841311241e-01 3.307459510231376965e-01
